0.0,4.0,0.0
0.0965,4.03425,0.0
0.19199999999999998,4.0840000000000005,0.0
0.2955,4.144749999999999,0.0
0.4159999999999999,4.212,0.0
0.5625,4.28125,0.0
0.744,4.348,0.0
0.9694999999999999,4.40775,0.0
1.2479999999999998,4.455999999999999,0.0
1.5885000000000005,4.48825,0.0
2.0,4.5,0.0
2.5199999999999996,4.4815,0.0
3.16,4.4319999999999995,0.0
3.8899999999999997,4.360499999999999,0.0
4.68,4.276,0.0
5.5,4.1875,0.0
6.319999999999999,4.104,0.0
7.109999999999999,4.0344999999999995,0.0
7.839999999999999,3.988,0.0
8.48,3.973499999999999,0.0
9.0,4.0,0.0
9.38,4.0825000000000005,0.0
9.64,4.220000000000001,0.0
9.809999999999999,4.3975,0.0
9.919999999999998,4.6,0.0
10.0,4.8125,0.0
10.080000000000002,5.02,0.0
10.189999999999998,5.2075,0.0
10.36,5.359999999999999,0.0
10.620000000000001,5.4625,0.0
11.0,5.5,0.0
11.5155,5.4647499999999996,0.0
12.144,5.367999999999999,0.0
12.8585,5.223249999999999,0.0
13.632,5.044,0.0
14.4375,4.84375,0.0
15.247999999999998,4.636,0.0
16.036499999999997,4.4342500000000005,0.0
16.775999999999996,4.251999999999999,0.0
17.4395,4.1027499999999995,0.0
18.0,4.0,0.0
18.4665,3.937,0.0
18.872,3.8960000000000004,0.0
19.2255,3.8740000000000006,0.0
19.536,3.8679999999999994,0.0
19.8125,3.875,0.0
20.064,3.8920000000000003,0.0
20.2995,3.9159999999999995,0.0
20.527999999999995,3.943999999999999,0.0
20.758499999999998,3.973,0.0
21.0,4.0,0.0
21.218,4.03425,0.0
21.384,4.0840000000000005,0.0
21.516,4.144749999999999,0.0
21.631999999999998,4.212,0.0
21.75,4.28125,0.0
21.888,4.348,0.0
22.064,4.40775,0.0
22.296,4.455999999999999,0.0
22.601999999999997,4.48825,0.0
23.0,4.5,0.0
23.52,4.486,0.0
24.159999999999997,4.4479999999999995,0.0
24.89,4.3919999999999995,0.0
25.679999999999996,4.324,0.0
26.5,4.25,0.0
27.320000000000004,4.176,0.0
28.11,4.108,0.0
28.839999999999996,4.052,0.0
29.48,4.013999999999999,0.0
30.0,4.0,0.0
30.38,4.014,0.0
30.64,4.0520000000000005,0.0
30.81,4.108,0.0
30.92,4.176,0.0
31.0,4.25,0.0
31.080000000000005,4.324,0.0
31.189999999999998,4.3919999999999995,0.0
31.359999999999996,4.447999999999999,0.0
31.62,4.486,0.0
32.0,4.5,0.0
32.519999999999996,4.486,0.0
33.160000000000004,4.4479999999999995,0.0
33.89,4.3919999999999995,0.0
34.67999999999999,4.324,0.0
35.5,4.25,0.0
36.32000000000001,4.176,0.0
37.11,4.108,0.0
37.839999999999996,4.052,0.0
38.480000000000004,4.013999999999999,0.0
39.0,4.0,0.0
39.379999999999995,4.014,0.0
39.63999999999999,4.0520000000000005,0.0
39.81,4.108,0.0
39.92,4.176,0.0
40.0,4.25,0.0
40.08,4.324,0.0
40.19,4.3919999999999995,0.0
40.35999999999999,4.447999999999999,0.0
40.61999999999999,4.486,0.0
41.0,4.5,0.0
41.51999999999999,4.4815,0.0
42.160000000000004,4.4319999999999995,0.0
42.88999999999999,4.360499999999999,0.0
43.68,4.276,0.0
44.5,4.1875,0.0
45.32,4.104,0.0
46.11,4.0344999999999995,0.0
46.83999999999999,3.988,0.0
47.48,3.973499999999999,0.0
48.0,4.0,0.0
48.379999999999995,4.0825000000000005,0.0
48.64,4.220000000000001,0.0
48.81,4.3975,0.0
48.92,4.6,0.0
49.0,4.8125,0.0
49.08,5.02,0.0
49.18999999999999,5.2075,0.0
49.35999999999999,5.359999999999999,0.0
49.620000000000005,5.4625,0.0
50.0,5.5,0.0
50.51549999999999,5.4647499999999996,0.0
51.144,5.367999999999999,0.0
51.8585,5.223249999999999,0.0
52.632,5.044,0.0
53.4375,4.84375,0.0
54.248000000000005,4.636,0.0
55.036500000000004,4.4342500000000005,0.0
55.775999999999996,4.251999999999999,0.0
56.439499999999995,4.1027499999999995,0.0
57.0,4.0,0.0
57.466499999999996,3.9324999999999997,0.0
57.872,3.8800000000000003,0.0
58.2255,3.8425000000000007,0.0
58.535999999999994,3.8199999999999994,0.0
58.8125,3.8125,0.0
59.06400000000001,3.8200000000000003,0.0
59.299499999999995,3.8424999999999994,0.0
59.52799999999999,3.8799999999999994,0.0
59.758500000000005,3.9324999999999997,0.0
60.0,4.0,0.0
60.217999999999996,4.10275,0.0
60.384,4.252000000000001,0.0
60.516,4.43425,0.0
60.632000000000005,4.635999999999999,0.0
60.75,4.84375,0.0
60.88799999999999,5.0440000000000005,0.0
61.06399999999999,5.22325,0.0
61.29599999999999,5.367999999999999,0.0
61.60199999999999,5.46475,0.0
62.0,5.5,0.0
62.515499999999996,5.4647499999999996,0.0
63.144000000000005,5.367999999999999,0.0
63.85849999999999,5.223249999999999,0.0
64.63199999999999,5.044,0.0
65.4375,4.84375,0.0
66.248,4.636,0.0
67.03649999999999,4.4342500000000005,0.0
67.776,4.251999999999999,0.0
68.43950000000001,4.1027499999999995,0.0
69.0,4.0,0.0
69.4665,3.937,0.0
69.87200000000001,3.8960000000000004,0.0
70.2255,3.8740000000000006,0.0
70.53599999999999,3.8679999999999994,0.0
70.8125,3.875,0.0
71.064,3.8920000000000003,0.0
71.2995,3.9159999999999995,0.0
71.52799999999998,3.943999999999999,0.0
71.7585,3.973,0.0
72.0,4.0,0.0
72.21799999999999,4.03425,0.0
72.384,4.0840000000000005,0.0
72.51599999999999,4.144749999999999,0.0
72.63199999999999,4.212,0.0
72.75,4.28125,0.0
72.888,4.348,0.0
73.064,4.40775,0.0
73.29599999999999,4.455999999999999,0.0
73.60199999999999,4.48825,0.0
74.0,4.5,0.0
74.52,4.4815,0.0
75.16,4.4319999999999995,0.0
75.88999999999999,4.360499999999999,0.0
76.68,4.276,0.0
77.5,4.1875,0.0
78.32000000000001,4.104,0.0
79.11,4.0344999999999995,0.0
79.84,3.988,0.0
80.48,3.973499999999999,0.0
81.0,4.0,0.0
81.38,4.0825000000000005,0.0
81.64,4.220000000000001,0.0
81.81,4.3975,0.0
81.92000000000002,4.6,0.0
82.0,4.8125,0.0
82.08,5.02,0.0
82.19,5.2075,0.0
82.35999999999999,5.359999999999999,0.0
82.61999999999999,5.4625,0.0
83.0,5.5,0.0
83.5155,5.4647499999999996,0.0
84.144,5.367999999999999,0.0
84.85849999999999,5.223249999999999,0.0
85.63199999999999,5.044,0.0
86.4375,4.84375,0.0
87.248,4.636,0.0
88.03649999999999,4.4342500000000005,0.0
88.776,4.251999999999999,0.0
89.43950000000001,4.1027499999999995,0.0
90.0,4.0,0.0
90.4665,3.9324999999999997,0.0
90.872,3.8800000000000003,0.0
91.22549999999998,3.8425000000000007,0.0
91.536,3.8199999999999994,0.0
91.8125,3.8125,0.0
92.064,3.8200000000000003,0.0
92.2995,3.8424999999999994,0.0
92.52799999999999,3.8799999999999994,0.0
92.7585,3.9324999999999997,0.0
93.0,4.0,0.0
93.21799999999999,4.10275,0.0
93.38399999999999,4.252000000000001,0.0
93.516,4.43425,0.0
93.63199999999999,4.635999999999999,0.0
93.75,4.84375,0.0
93.888,5.0440000000000005,0.0
94.064,5.22325,0.0
94.29599999999998,5.367999999999999,0.0
94.60199999999999,5.46475,0.0
95.0,5.5,0.0
95.5155,5.4647499999999996,0.0
96.144,5.367999999999999,0.0
96.85849999999999,5.223249999999999,0.0
97.63199999999999,5.044,0.0
98.4375,4.84375,0.0
99.24799999999999,4.636,0.0
100.03649999999999,4.4342500000000005,0.0
100.77599999999998,4.251999999999999,0.0
101.4395,4.1027499999999995,0.0
102.0,4.0,0.0
102.4665,3.937,0.0
102.872,3.8960000000000004,0.0
103.22549999999998,3.8740000000000006,0.0
103.53599999999999,3.8679999999999994,0.0
103.8125,3.875,0.0
104.06400000000001,3.8920000000000003,0.0
104.29949999999998,3.9159999999999995,0.0
104.52799999999999,3.943999999999999,0.0
104.75849999999998,3.973,0.0
105.0,4.0,0.0
105.21799999999999,4.03425,0.0
105.384,4.0840000000000005,0.0
105.516,4.144749999999999,0.0
105.632,4.212,0.0
105.75,4.28125,0.0
105.888,4.348,0.0
106.064,4.40775,0.0
106.29599999999998,4.455999999999999,0.0
106.602,4.48825,0.0
107.0,4.5,0.0
107.51999999999998,4.4815,0.0
108.16000000000001,4.4319999999999995,0.0
108.89,4.360499999999999,0.0
109.67999999999999,4.276,0.0
110.5,4.1875,0.0
111.32,4.104,0.0
112.11,4.0344999999999995,0.0
112.83999999999997,3.988,0.0
113.47999999999999,3.973499999999999,0.0
114.0,4.0,0.0
114.38,4.0825000000000005,0.0
114.64,4.220000000000001,0.0
114.80999999999999,4.3975,0.0
114.92,4.6,0.0
115.0,4.8125,0.0
115.08000000000001,5.02,0.0
115.19,5.2075,0.0
115.35999999999999,5.359999999999999,0.0
115.61999999999999,5.4625,0.0
116.0,5.5,0.0
116.51549999999999,5.4647499999999996,0.0
117.14399999999999,5.367999999999999,0.0
117.85849999999999,5.223249999999999,0.0
118.63199999999999,5.044,0.0
119.4375,4.84375,0.0
120.24799999999999,4.636,0.0
121.03650000000002,4.4342500000000005,0.0
121.77599999999998,4.251999999999999,0.0
122.4395,4.1027499999999995,0.0
123.0,4.0,0.0
123.4665,3.9324999999999997,0.0
123.872,3.8800000000000003,0.0
124.2255,3.8425000000000007,0.0
124.53599999999997,3.8199999999999994,0.0
124.8125,3.8125,0.0
125.06400000000004,3.8200000000000003,0.0
125.29950000000001,3.8424999999999994,0.0
125.52799999999999,3.8799999999999994,0.0
125.7585,3.9324999999999997,0.0
126.0,4.0,0.0
126.21799999999999,4.10275,0.0
126.38400000000001,4.252000000000001,0.0
126.51600000000002,4.43425,0.0
126.63199999999999,4.635999999999999,0.0
126.75,4.84375,0.0
126.888,5.0440000000000005,0.0
127.06400000000001,5.22325,0.0
127.29599999999998,5.367999999999999,0.0
127.602,5.46475,0.0
128.0,5.5,0.0
128.51549999999997,5.4647499999999996,0.0
129.144,5.367999999999999,0.0
129.8585,5.223249999999999,0.0
130.63199999999998,5.044,0.0
131.4375,4.84375,0.0
132.248,4.636,0.0
133.0365,4.4342500000000005,0.0
133.77599999999998,4.251999999999999,0.0
134.43949999999998,4.1027499999999995,0.0
135.0,4.0,0.0
135.4665,3.9324999999999997,0.0
135.87199999999999,3.8800000000000003,0.0
136.2255,3.8425000000000007,0.0
136.536,3.8199999999999994,0.0
136.8125,3.8125,0.0
137.064,3.8200000000000003,0.0
137.2995,3.8424999999999994,0.0
137.528,3.8799999999999994,0.0
137.75850000000003,3.9324999999999997,0.0
138.0,4.0,0.0
138.218,4.10275,0.0
138.38400000000001,4.252000000000001,0.0
138.516,4.43425,0.0
138.63199999999998,4.635999999999999,0.0
138.75,4.84375,0.0
138.888,5.0440000000000005,0.0
139.06400000000002,5.22325,0.0
139.296,5.367999999999999,0.0
139.60199999999998,5.46475,0.0
140.0,5.5,0.0
140.51549999999997,5.4647499999999996,0.0
141.144,5.367999999999999,0.0
141.85850000000002,5.223249999999999,0.0
142.632,5.044,0.0
143.4375,4.84375,0.0
144.248,4.636,0.0
145.0365,4.4342500000000005,0.0
145.77599999999998,4.251999999999999,0.0
146.4395,4.1027499999999995,0.0
147.0,4.0,0.0
147.4665,3.937,0.0
147.87199999999999,3.8960000000000004,0.0
148.2255,3.8740000000000006,0.0
148.536,3.8679999999999994,0.0
148.8125,3.875,0.0
149.06400000000002,3.8920000000000003,0.0
149.2995,3.9159999999999995,0.0
149.52799999999996,3.943999999999999,0.0
149.75849999999997,3.973,0.0
150.0,4.0,0.0
150.21800000000002,4.03425,0.0
150.384,4.0840000000000005,0.0
150.516,4.144749999999999,0.0
150.63199999999998,4.212,0.0
150.75,4.28125,0.0
150.888,4.348,0.0
151.064,4.40775,0.0
151.296,4.455999999999999,0.0
151.60199999999998,4.48825,0.0
152.0,4.5,0.0
152.52,4.486,0.0
153.16,4.4479999999999995,0.0
153.89,4.3919999999999995,0.0
154.67999999999998,4.324,0.0
155.5,4.25,0.0
156.32,4.176,0.0
157.11,4.108,0.0
157.83999999999997,4.052,0.0
158.48,4.013999999999999,0.0
159.0,4.0,0.0
159.38,4.014,0.0
159.64000000000001,4.0520000000000005,0.0
159.81,4.108,0.0
159.92,4.176,0.0
160.0,4.25,0.0
160.08,4.324,0.0
160.19,4.3919999999999995,0.0
160.35999999999999,4.447999999999999,0.0
160.61999999999998,4.486,0.0
161.0,4.5,0.0
161.52,4.486,0.0
162.16,4.4479999999999995,0.0
162.89000000000001,4.3919999999999995,0.0
163.68,4.324,0.0
164.5,4.25,0.0
165.32,4.176,0.0
166.10999999999999,4.108,0.0
166.83999999999997,4.052,0.0
167.48,4.013999999999999,0.0
168.0,4.0,0.0
168.371,4.014,0.0
168.608,4.0520000000000005,0.0
168.74699999999999,4.108,0.0
168.82399999999998,4.176,0.0
168.875,4.25,0.0
168.936,4.324,0.0
169.043,4.3919999999999995,0.0
169.232,4.447999999999999,0.0
169.53900000000002,4.486,0.0
170.0,4.5,0.0
170.648,4.486,0.0
171.464,4.4479999999999995,0.0
172.40599999999998,4.3919999999999995,0.0
173.43200000000002,4.324,0.0
174.5,4.25,0.0
175.568,4.176,0.0
176.594,4.108,0.0
177.53599999999997,4.052,0.0
178.35199999999998,4.013999999999999,0.0
179.0,4.0,0.0
179.461,4.014,0.0
179.768,4.0520000000000005,0.0
179.957,4.108,0.0
180.064,4.176,0.0
180.125,4.25,0.0
180.176,4.324,0.0
180.253,4.3919999999999995,0.0
180.39199999999997,4.447999999999999,0.0
180.629,4.486,0.0
181.0,4.5,0.0
181.52,4.486,0.0
182.16000000000003,4.4479999999999995,0.0
182.89,4.3919999999999995,0.0
183.68,4.324,0.0
184.5,4.25,0.0
185.32,4.176,0.0
186.10999999999999,4.108,0.0
186.83999999999997,4.052,0.0
187.48,4.013999999999999,0.0
188.0,4.0,0.0
188.38,4.014,0.0
188.64000000000004,4.0520000000000005,0.0
188.80999999999997,4.108,0.0
188.92,4.176,0.0
189.0,4.25,0.0
189.08,4.324,0.0
189.18999999999997,4.3919999999999995,0.0
189.35999999999996,4.447999999999999,0.0
189.61999999999998,4.486,0.0
190.0,4.5,0.0
190.51999999999998,4.486,0.0
191.16,4.4479999999999995,0.0
191.89,4.3919999999999995,0.0
192.67999999999998,4.324,0.0
193.5,4.25,0.0
194.32000000000002,4.176,0.0
195.11,4.108,0.0
195.84,4.052,0.0
196.48,4.013999999999999,0.0
197.0,4.0,0.0
197.37099999999998,4.014,0.0
197.60800000000003,4.0520000000000005,0.0
197.747,4.108,0.0
197.82399999999998,4.176,0.0
197.875,4.25,0.0
197.936,4.324,0.0
198.043,4.3919999999999995,0.0
198.23199999999994,4.447999999999999,0.0
198.539,4.486,0.0
199.0,4.5,0.0
199.648,4.4815,0.0
200.464,4.4319999999999995,0.0
201.406,4.360499999999999,0.0
202.432,4.276,0.0
203.5,4.1875,0.0
204.568,4.104,0.0
205.594,4.0344999999999995,0.0
206.53599999999997,3.988,0.0
207.35199999999998,3.973499999999999,0.0
208.0,4.0,0.0
208.461,4.0825000000000005,0.0
208.768,4.220000000000001,0.0
208.957,4.3975,0.0
209.064,4.6,0.0
209.125,4.8125,0.0
209.17600000000002,5.02,0.0
209.253,5.2075,0.0
209.39199999999997,5.359999999999999,0.0
209.629,5.4625,0.0
210.0,5.5,0.0
210.51549999999997,5.4647499999999996,0.0
211.14399999999998,5.367999999999999,0.0
211.85849999999996,5.223249999999999,0.0
212.632,5.044,0.0
213.4375,4.84375,0.0
214.24800000000002,4.636,0.0
215.0365,4.4342500000000005,0.0
215.77599999999998,4.251999999999999,0.0
216.43949999999998,4.1027499999999995,0.0
217.0,4.0,0.0
217.4665,3.937,0.0
217.872,3.8960000000000004,0.0
218.2255,3.8740000000000006,0.0
218.53599999999997,3.8679999999999994,0.0
218.8125,3.875,0.0
219.064,3.8920000000000003,0.0
219.29949999999997,3.9159999999999995,0.0
219.528,3.943999999999999,0.0
219.7585,3.973,0.0
220.0,4.0,0.0
220.218,4.03425,0.0
220.38400000000001,4.0840000000000005,0.0
220.51599999999996,4.144749999999999,0.0
220.63199999999998,4.212,0.0
220.75,4.28125,0.0
220.88800000000003,4.348,0.0
221.064,4.40775,0.0
221.29599999999996,4.455999999999999,0.0
221.602,4.48825,0.0
222.0,4.5,0.0
222.51999999999998,4.486,0.0
223.16,4.4479999999999995,0.0
223.89,4.3919999999999995,0.0
224.68,4.324,0.0
225.5,4.25,0.0
226.32,4.176,0.0
227.11,4.108,0.0
227.83999999999997,4.052,0.0
228.48,4.013999999999999,0.0
229.0,4.0,0.0
229.37099999999998,4.014,0.0
229.608,4.0520000000000005,0.0
229.747,4.108,0.0
229.82399999999998,4.176,0.0
229.875,4.25,0.0
229.936,4.324,0.0
230.043,4.3919999999999995,0.0
230.23199999999997,4.447999999999999,0.0
230.539,4.486,0.0
231.0,4.5,0.0
231.648,4.486,0.0
232.46399999999997,4.4479999999999995,0.0
233.406,4.3919999999999995,0.0
234.43199999999996,4.324,0.0
235.5,4.25,0.0
236.568,4.176,0.0
237.594,4.108,0.0
238.536,4.052,0.0
239.352,4.013999999999999,0.0
240.0,4.0,0.0
240.45199999999997,4.014,0.0
240.73600000000002,4.0520000000000005,0.0
240.894,4.108,0.0
240.968,4.176,0.0
241.0,4.25,0.0
241.03200000000004,4.324,0.0
241.10599999999997,4.3919999999999995,0.0
241.26399999999998,4.447999999999999,0.0
241.548,4.486,0.0
242.0,4.5,0.0
242.648,4.486,0.0
243.464,4.4479999999999995,0.0
244.40599999999998,4.3919999999999995,0.0
245.43199999999996,4.324,0.0
246.5,4.25,0.0
247.56799999999998,4.176,0.0
248.594,4.108,0.0
249.53599999999994,4.052,0.0
250.352,4.013999999999999,0.0
251.0,4.0,0.0
251.461,4.014,0.0
251.768,4.0520000000000005,0.0
251.957,4.108,0.0
252.064,4.176,0.0
252.125,4.25,0.0
252.17600000000002,4.324,0.0
252.253,4.3919999999999995,0.0
252.392,4.447999999999999,0.0
252.629,4.486,0.0
253.0,4.5,0.0
253.51999999999998,4.486,0.0
254.16000000000003,4.4479999999999995,0.0
254.89000000000004,4.3919999999999995,0.0
255.67999999999998,4.324,0.0
256.5,4.25,0.0
257.32,4.176,0.0
258.11,4.108,0.0
258.8399999999999,4.052,0.0
259.48,4.013999999999999,0.0
260.0,4.0,0.0
260.38,4.014,0.0
260.64000000000004,4.0520000000000005,0.0
260.81,4.108,0.0
260.92,4.176,0.0
261.0,4.25,0.0
261.08,4.324,0.0
261.19,4.3919999999999995,0.0
261.35999999999996,4.447999999999999,0.0
261.62,4.486,0.0
262.0,4.5,0.0
262.52,4.486,0.0
263.16,4.4479999999999995,0.0
263.89,4.3919999999999995,0.0
264.68,4.324,0.0
265.5,4.25,0.0
266.32,4.176,0.0
267.11,4.108,0.0
267.84,4.052,0.0
268.47999999999996,4.013999999999999,0.0
269.0,4.0,0.0
269.371,4.014,0.0
269.608,4.0520000000000005,0.0
269.747,4.108,0.0
269.824,4.176,0.0
269.875,4.25,0.0
269.936,4.324,0.0
270.043,4.3919999999999995,0.0
270.23199999999997,4.447999999999999,0.0
270.539,4.486,0.0
271.0,4.5,0.0
271.64799999999997,4.486,0.0
272.464,4.4479999999999995,0.0
273.406,4.3919999999999995,0.0
274.43199999999996,4.324,0.0
275.5,4.25,0.0
276.56800000000004,4.176,0.0
277.59400000000005,4.108,0.0
278.53599999999994,4.052,0.0
279.352,4.013999999999999,0.0
280.0,4.0,0.0
280.46099999999996,4.014,0.0
280.76800000000003,4.0520000000000005,0.0
280.957,4.108,0.0
281.06399999999996,4.176,0.0
281.125,4.25,0.0
281.17600000000004,4.324,0.0
281.25300000000004,4.3919999999999995,0.0
281.392,4.447999999999999,0.0
281.62899999999996,4.486,0.0
282.0,4.5,0.0
282.52,4.4815,0.0
283.16,4.4319999999999995,0.0
283.89000000000004,4.360499999999999,0.0
284.68,4.276,0.0
285.5,4.1875,0.0
286.32,4.104,0.0
287.10999999999996,4.0344999999999995,0.0
287.8399999999999,3.988,0.0
288.47999999999996,3.973499999999999,0.0
289.0,4.0,0.0
289.37999999999994,4.0825000000000005,0.0
289.64,4.220000000000001,0.0
289.81,4.3975,0.0
289.91999999999996,4.6,0.0
290.0,4.8125,0.0
290.08,5.02,0.0
290.18999999999994,5.2075,0.0
290.36,5.359999999999999,0.0
290.61999999999995,5.4625,0.0
291.0,5.5,0.0
291.51550000000003,5.4647499999999996,0.0
292.144,5.367999999999999,0.0
292.8585,5.223249999999999,0.0
293.632,5.044,0.0
294.4375,4.84375,0.0
295.24800000000005,4.636,0.0
296.0365,4.4342500000000005,0.0
296.77599999999995,4.251999999999999,0.0
297.4395,4.1027499999999995,0.0
298.0,4.0,0.0
298.46649999999994,3.937,0.0
298.872,3.8960000000000004,0.0
299.2255,3.8740000000000006,0.0
299.536,3.8679999999999994,0.0
299.8125,3.875,0.0
300.064,3.8920000000000003,0.0
300.29949999999997,3.9159999999999995,0.0
300.52799999999996,3.943999999999999,0.0
300.75849999999997,3.973,0.0
301.0,4.0,0.0
301.21799999999996,4.03425,0.0
301.384,4.0840000000000005,0.0
301.516,4.144749999999999,0.0
301.632,4.212,0.0
301.75,4.28125,0.0
301.888,4.348,0.0
302.06399999999996,4.40775,0.0
302.296,4.455999999999999,0.0
302.602,4.48825,0.0
303.0,4.5,0.0
303.52,4.4815,0.0
304.15999999999997,4.4319999999999995,0.0
304.89,4.360499999999999,0.0
305.67999999999995,4.276,0.0
306.5,4.1875,0.0
307.32,4.104,0.0
308.11,4.0344999999999995,0.0
308.8399999999999,3.988,0.0
309.48,3.973499999999999,0.0
310.0,4.0,0.0
310.38,4.0825000000000005,0.0
310.64000000000004,4.220000000000001,0.0
310.81,4.3975,0.0
310.91999999999996,4.6,0.0
311.0,4.8125,0.0
311.08,5.02,0.0
311.19,5.2075,0.0
311.35999999999996,5.359999999999999,0.0
311.62,5.4625,0.0
312.0,5.5,0.0
312.5154999999999,5.4647499999999996,0.0
313.144,5.367999999999999,0.0
313.85850000000005,5.223249999999999,0.0
314.63199999999995,5.044,0.0
315.4375,4.84375,0.0
316.24800000000005,4.636,0.0
317.03649999999993,4.4342500000000005,0.0
317.776,4.251999999999999,0.0
318.43949999999995,4.1027499999999995,0.0
319.0,4.0,0.0
319.46649999999994,3.937,0.0
319.87199999999996,3.8960000000000004,0.0
320.2255,3.8740000000000006,0.0
320.53599999999994,3.8679999999999994,0.0
320.8125,3.875,0.0
321.0640000000001,3.8920000000000003,0.0
321.29949999999997,3.9159999999999995,0.0
321.528,3.943999999999999,0.0
321.75849999999997,3.973,0.0
322.0,4.0,0.0
322.21799999999996,4.03425,0.0
322.384,4.0840000000000005,0.0
322.516,4.144749999999999,0.0
322.632,4.212,0.0
322.75,4.28125,0.0
322.88800000000003,4.348,0.0
323.06399999999996,4.40775,0.0
323.296,4.455999999999999,0.0
323.6019999999999,4.48825,0.0
324.0,4.5,0.0
324.52,4.4815,0.0
325.16,4.4319999999999995,0.0
325.88999999999993,4.360499999999999,0.0
326.68,4.276,0.0
327.5,4.1875,0.0
328.32,4.104,0.0
329.10999999999996,4.0344999999999995,0.0
329.8399999999999,3.988,0.0
330.48,3.973499999999999,0.0
331.0,4.0,0.0
331.38,4.0825000000000005,0.0
331.64000000000004,4.220000000000001,0.0
331.81,4.3975,0.0
331.92,4.6,0.0
332.0,4.8125,0.0
332.08,5.02,0.0
332.19,5.2075,0.0
332.35999999999996,5.359999999999999,0.0
332.61999999999995,5.4625,0.0
333.0,5.5,0.0
333.5155,5.4647499999999996,0.0
334.144,5.367999999999999,0.0
334.8585,5.223249999999999,0.0
335.632,5.044,0.0
336.4375,4.84375,0.0
337.24800000000005,4.636,0.0
338.03649999999993,4.4342500000000005,0.0
338.77599999999995,4.251999999999999,0.0
339.43949999999995,4.1027499999999995,0.0
340.0,4.0,0.0
340.4665,3.937,0.0
340.872,3.8960000000000004,0.0
341.22549999999995,3.8740000000000006,0.0
341.536,3.8679999999999994,0.0
341.8125,3.875,0.0
342.064,3.8920000000000003,0.0
342.29949999999997,3.9159999999999995,0.0
342.52799999999996,3.943999999999999,0.0
342.7585,3.973,0.0
343.0,4.0,0.0
343.21799999999996,4.03425,0.0
343.384,4.0840000000000005,0.0
343.51599999999996,4.144749999999999,0.0
343.632,4.212,0.0
343.75,4.28125,0.0
343.88800000000003,4.348,0.0
344.064,4.40775,0.0
344.29599999999994,4.455999999999999,0.0
344.602,4.48825,0.0
345.0,4.5,0.0
345.52,4.486,0.0
346.16,4.4479999999999995,0.0
346.89,4.3919999999999995,0.0
347.67999999999995,4.324,0.0
348.5,4.25,0.0
349.32,4.176,0.0
350.10999999999996,4.108,0.0
350.84,4.052,0.0
351.48,4.013999999999999,0.0
352.0,4.0,0.0
352.3709999999999,4.014,0.0
352.608,4.0520000000000005,0.0
352.74699999999996,4.108,0.0
352.824,4.176,0.0
352.875,4.25,0.0
352.936,4.324,0.0
353.043,4.3919999999999995,0.0
353.23199999999997,4.447999999999999,0.0
353.53899999999993,4.486,0.0
354.0,4.5,0.0
354.64799999999997,4.4815,0.0
355.464,4.4319999999999995,0.0
356.406,4.360499999999999,0.0
357.432,4.276,0.0
358.5,4.1875,0.0
359.5680000000001,4.104,0.0
360.594,4.0344999999999995,0.0
361.53599999999994,3.988,0.0
362.352,3.973499999999999,0.0
363.0,4.0,0.0
363.461,4.0825000000000005,0.0
363.76800000000003,4.220000000000001,0.0
363.95699999999994,4.3975,0.0
364.06399999999996,4.6,0.0
364.125,4.8125,0.0
364.17600000000004,5.02,0.0
364.25300000000004,5.2075,0.0
364.392,5.359999999999999,0.0
364.629,5.4625,0.0
365.0,5.5,0.0
365.5155,5.4647499999999996,0.0
366.144,5.367999999999999,0.0
366.85850000000005,5.223249999999999,0.0
367.632,5.044,0.0
368.4375,4.84375,0.0
369.24800000000005,4.636,0.0
370.0365,4.4342500000000005,0.0
370.77599999999995,4.251999999999999,0.0
371.43949999999995,4.1027499999999995,0.0
372.0,4.0,0.0
372.46649999999994,3.9324999999999997,0.0
372.872,3.8800000000000003,0.0
373.2255,3.8425000000000007,0.0
373.53599999999994,3.8199999999999994,0.0
373.8125,3.8125,0.0
374.064,3.8200000000000003,0.0
374.2995,3.8424999999999994,0.0
374.52799999999996,3.8799999999999994,0.0
374.75849999999997,3.9324999999999997,0.0
375.0,4.0,0.0
375.21799999999996,4.10275,0.0
375.384,4.252000000000001,0.0
375.516,4.43425,0.0
375.63199999999995,4.635999999999999,0.0
375.75,4.84375,0.0
375.88800000000003,5.0440000000000005,0.0
376.064,5.22325,0.0
376.29599999999994,5.367999999999999,0.0
376.602,5.46475,0.0
377.0,5.5,0.0
377.5155,5.4647499999999996,0.0
378.144,5.367999999999999,0.0
378.85850000000005,5.223249999999999,0.0
379.63199999999995,5.044,0.0
380.4375,4.84375,0.0
381.2480000000001,4.636,0.0
382.0365,4.4342500000000005,0.0
382.77599999999995,4.251999999999999,0.0
383.4395,4.1027499999999995,0.0
384.0,4.0,0.0
384.4665,3.9324999999999997,0.0
384.87200000000007,3.8800000000000003,0.0
385.2255,3.8425000000000007,0.0
385.53599999999994,3.8199999999999994,0.0
385.8125,3.8125,0.0
386.064,3.8200000000000003,0.0
386.29949999999997,3.8424999999999994,0.0
386.52799999999996,3.8799999999999994,0.0
386.75849999999997,3.9324999999999997,0.0
387.0,4.0,0.0
387.21799999999996,4.10275,0.0
387.384,4.252000000000001,0.0
387.516,4.43425,0.0
387.632,4.635999999999999,0.0
387.75,4.84375,0.0
387.88800000000003,5.0440000000000005,0.0
388.06399999999996,5.22325,0.0
388.296,5.367999999999999,0.0
388.602,5.46475,0.0
389.0,5.5,0.0
389.5155,5.4647499999999996,0.0
390.144,5.367999999999999,0.0
390.85849999999994,5.223249999999999,0.0
391.632,5.044,0.0
392.4375,4.84375,0.0
393.248,4.636,0.0
394.0365,4.4342500000000005,0.0
394.77599999999995,4.251999999999999,0.0
395.4395,4.1027499999999995,0.0
396.0,4.0,0.0
396.46649999999994,3.937,0.0
396.872,3.8960000000000004,0.0
397.22549999999995,3.8740000000000006,0.0
397.536,3.8679999999999994,0.0
397.8125,3.875,0.0
398.064,3.8920000000000003,0.0
398.2995,3.9159999999999995,0.0
398.52799999999996,3.943999999999999,0.0
398.75849999999997,3.973,0.0
399.0,4.0,0.0
399.21799999999996,4.03425,0.0
399.384,4.0840000000000005,0.0
399.516,4.144749999999999,0.0
399.632,4.212,0.0
399.75,4.28125,0.0
399.88800000000003,4.348,0.0
400.06399999999996,4.40775,0.0
400.29599999999994,4.455999999999999,0.0
400.602,4.48825,0.0
401.0,4.5,0.0
401.5199999999999,4.486,0.0
402.16,4.4479999999999995,0.0
402.88999999999993,4.3919999999999995,0.0
403.68,4.324,0.0
404.5,4.25,0.0
405.32,4.176,0.0
406.11,4.108,0.0
406.8399999999999,4.052,0.0
407.4799999999999,4.013999999999999,0.0
408.0,4.0,0.0
408.371,4.014,0.0
408.608,4.0520000000000005,0.0
408.74699999999996,4.108,0.0
408.82399999999996,4.176,0.0
408.875,4.25,0.0
408.93600000000004,4.324,0.0
409.043,4.3919999999999995,0.0
409.23199999999997,4.447999999999999,0.0
409.539,4.486,0.0
410.0,4.5,0.0
410.64799999999997,4.486,0.0
411.464,4.4479999999999995,0.0
412.406,4.3919999999999995,0.0
413.43199999999996,4.324,0.0
414.5,4.25,0.0
415.568,4.176,0.0
416.594,4.108,0.0
417.53599999999994,4.052,0.0
418.352,4.013999999999999,0.0
419.0,4.0,0.0
419.45199999999994,4.014,0.0
419.736,4.0520000000000005,0.0
419.894,4.108,0.0
419.96799999999996,4.176,0.0
420.0,4.25,0.0
420.032,4.324,0.0
420.10599999999994,4.3919999999999995,0.0
420.26399999999995,4.447999999999999,0.0
420.548,4.486,0.0
421.0,4.5,0.0
421.64799999999997,4.486,0.0
422.46400000000006,4.4479999999999995,0.0
423.406,4.3919999999999995,0.0
424.43199999999996,4.324,0.0
425.5,4.25,0.0
426.56800000000004,4.176,0.0
427.594,4.108,0.0
428.53599999999994,4.052,0.0
429.352,4.013999999999999,0.0
430.0,4.0,0.0
430.45199999999994,4.014,0.0
430.73600000000005,4.0520000000000005,0.0
430.89400000000006,4.108,0.0
430.96799999999996,4.176,0.0
431.0,4.25,0.0
431.032,4.324,0.0
431.106,4.3919999999999995,0.0
431.26399999999995,4.447999999999999,0.0
431.548,4.486,0.0
432.0,4.5,0.0
432.64799999999997,4.486,0.0
433.46400000000006,4.4479999999999995,0.0
434.40599999999995,4.3919999999999995,0.0
435.432,4.324,0.0
436.5,4.25,0.0
437.568,4.176,0.0
438.594,4.108,0.0
439.53599999999994,4.052,0.0
440.352,4.013999999999999,0.0
441.0,4.0,0.0
441.461,4.014,0.0
441.768,4.0520000000000005,0.0
441.95699999999994,4.108,0.0
442.06399999999996,4.176,0.0
442.125,4.25,0.0
442.17600000000004,4.324,0.0
442.253,4.3919999999999995,0.0
442.39199999999994,4.447999999999999,0.0
442.62899999999996,4.486,0.0
443.0,4.5,0.0
443.52,4.4815,0.0
444.16,4.4319999999999995,0.0
444.89,4.360499999999999,0.0
445.67999999999995,4.276,0.0
446.5,4.1875,0.0
447.32000000000005,4.104,0.0
448.11,4.0344999999999995,0.0
448.84,3.988,0.0
449.47999999999996,3.973499999999999,0.0
450.0,4.0,0.0
450.37999999999994,4.0825000000000005,0.0
450.64000000000004,4.220000000000001,0.0
450.81,4.3975,0.0
450.92,4.6,0.0
451.0,4.8125,0.0
451.08000000000004,5.02,0.0
451.18999999999994,5.2075,0.0
451.36,5.359999999999999,0.0
451.61999999999995,5.4625,0.0
452.0,5.5,0.0
452.5155,5.4647499999999996,0.0
453.144,5.367999999999999,0.0
453.8585,5.223249999999999,0.0
454.632,5.044,0.0
455.4375,4.84375,0.0
456.24800000000005,4.636,0.0
457.0365,4.4342500000000005,0.0
457.77599999999995,4.251999999999999,0.0
458.43949999999995,4.1027499999999995,0.0
459.0,4.0,0.0
459.46649999999994,3.937,0.0
459.872,3.8960000000000004,0.0
460.2255,3.8740000000000006,0.0
460.536,3.8679999999999994,0.0
460.8125,3.875,0.0
461.06399999999996,3.8920000000000003,0.0
461.2995,3.9159999999999995,0.0
461.5279999999999,3.943999999999999,0.0
461.7585,3.973,0.0
462.0,4.0,0.0
462.21799999999996,4.03425,0.0
462.384,4.0840000000000005,0.0
462.5160000000001,4.144749999999999,0.0
462.63199999999995,4.212,0.0
462.75,4.28125,0.0
462.888,4.348,0.0
463.064,4.40775,0.0
463.29599999999994,4.455999999999999,0.0
463.602,4.48825,0.0
464.0,4.5,0.0
464.52,4.486,0.0
465.16,4.4479999999999995,0.0
465.89,4.3919999999999995,0.0
466.67999999999995,4.324,0.0
467.5,4.25,0.0
468.32000000000005,4.176,0.0
469.11,4.108,0.0
469.84,4.052,0.0
470.47999999999996,4.013999999999999,0.0
471.0,4.0,0.0
471.37100000000004,4.014,0.0
471.608,4.0520000000000005,0.0
471.747,4.108,0.0
471.8239999999999,4.176,0.0
471.875,4.25,0.0
471.936,4.324,0.0
472.04299999999995,4.3919999999999995,0.0
472.23199999999997,4.447999999999999,0.0
472.53899999999993,4.486,0.0
473.0,4.5,0.0
473.64799999999997,4.486,0.0
474.464,4.4479999999999995,0.0
475.406,4.3919999999999995,0.0
476.43199999999996,4.324,0.0
477.5,4.25,0.0
478.56800000000004,4.176,0.0
479.594,4.108,0.0
480.53599999999994,4.052,0.0
481.352,4.013999999999999,0.0
482.0,4.0,0.0
482.45199999999994,4.014,0.0
482.73600000000005,4.0520000000000005,0.0
482.89400000000006,4.108,0.0
482.968,4.176,0.0
483.0,4.25,0.0
483.03200000000004,4.324,0.0
483.106,4.3919999999999995,0.0
483.2639999999999,4.447999999999999,0.0
483.548,4.486,0.0
484.0,4.5,0.0
484.64799999999997,4.486,0.0
485.464,4.4479999999999995,0.0
486.406,4.3919999999999995,0.0
487.43199999999996,4.324,0.0
488.5,4.25,0.0
489.5680000000001,4.176,0.0
490.594,4.108,0.0
491.536,4.052,0.0
492.352,4.013999999999999,0.0
493.0,4.0,0.0
493.461,4.014,0.0
493.7680000000001,4.0520000000000005,0.0
493.957,4.108,0.0
494.06399999999996,4.176,0.0
494.125,4.25,0.0
494.17600000000004,4.324,0.0
494.253,4.3919999999999995,0.0
494.392,4.447999999999999,0.0
494.6289999999999,4.486,0.0
495.0,4.5,0.0
495.52,4.486,0.0
496.15999999999997,4.4479999999999995,0.0
496.89,4.3919999999999995,0.0
497.67999999999995,4.324,0.0
498.5,4.25,0.0
499.32000000000005,4.176,0.0
500.11,4.108,0.0
500.84000000000003,4.052,0.0
501.47999999999996,4.013999999999999,0.0
502.0,4.0,0.0
502.37999999999994,4.014,0.0
502.64000000000004,4.0520000000000005,0.0
502.81000000000006,4.108,0.0
502.91999999999996,4.176,0.0
503.0,4.25,0.0
503.0800000000001,4.324,0.0
503.18999999999994,4.3919999999999995,0.0
503.35999999999996,4.447999999999999,0.0
503.61999999999995,4.486,0.0
504.0,4.5,0.0
504.52,4.4815,0.0
505.16,4.4319999999999995,0.0
505.89,4.360499999999999,0.0
506.67999999999995,4.276,0.0
507.5,4.1875,0.0
508.32,4.104,0.0
509.11,4.0344999999999995,0.0
509.84000000000003,3.988,0.0
510.47999999999996,3.973499999999999,0.0
511.0,4.0,0.0
511.38000000000005,4.0825000000000005,0.0
511.64000000000004,4.220000000000001,0.0
511.81000000000006,4.3975,0.0
511.9199999999999,4.6,0.0
512.0,4.8125,0.0
512.0799999999999,5.02,0.0
512.1899999999999,5.2075,0.0
512.3599999999999,5.359999999999999,0.0
512.62,5.4625,0.0
513.0,5.5,0.0
513.5154999999999,5.4647499999999996,0.0
514.1439999999999,5.367999999999999,0.0
514.8584999999999,5.223249999999999,0.0
515.632,5.044,0.0
516.4375,4.84375,0.0
517.248,4.636,0.0
518.0364999999999,4.4342500000000005,0.0
518.776,4.251999999999999,0.0
519.4395,4.1027499999999995,0.0
520.0,4.0,0.0
520.4665,3.9324999999999997,0.0
520.8720000000001,3.8800000000000003,0.0
521.2255,3.8425000000000007,0.0
521.536,3.8199999999999994,0.0
521.8125,3.8125,0.0
522.0640000000001,3.8200000000000003,0.0
522.2995,3.8424999999999994,0.0
522.5279999999999,3.8799999999999994,0.0
522.7584999999999,3.9324999999999997,0.0
523.0,4.0,0.0
523.218,4.10275,0.0
523.384,4.252000000000001,0.0
523.516,4.43425,0.0
523.632,4.635999999999999,0.0
523.75,4.84375,0.0
523.888,5.0440000000000005,0.0
524.064,5.22325,0.0
524.2959999999999,5.367999999999999,0.0
524.602,5.46475,0.0
525.0,5.5,0.0
525.5154999999999,5.4647499999999996,0.0
526.144,5.367999999999999,0.0
526.8585,5.223249999999999,0.0
527.632,5.044,0.0
528.4375,4.84375,0.0
529.248,4.636,0.0
530.0364999999999,4.4342500000000005,0.0
530.776,4.251999999999999,0.0
531.4395,4.1027499999999995,0.0
